50
242
38 46
38 48
38 3
38 34
38 35
38 39
8 48
8 3
8 20
8 4
8 9
8 5
46 49
46 45
46 34
46 1
48 49
48 3
48 45
48 44
15 3
15 45
15 0
15 19
40 45
40 24
40 0
40 44
29 49
29 45
29 25
29 4
11 46
11 15
11 3
11 1
11 14
11 10
32 40
32 24
32 34
32 30
32 47
32 2
49 45
49 4
26 46
26 29
26 25
26 30
26 1
26 14
3 48
3 15
3 0
3 4
37 29
37 45
37 35
37 47
37 39
37 2
20 45
20 24
20 0
20 4
7 15
7 3
7 9
7 5
7 47
7 2
45 29
45 49
45 0
18 48
18 15
18 3
18 30
18 14
18 19
41 46
41 40
41 29
41 45
41 1
41 44
24 40
24 49
24 20
24 4
33 48
33 29
33 3
33 45
33 34
33 30
25 29
25 45
25 0
25 9
12 20
12 4
12 47
12 14
12 10
12 2
21 46
21 20
21 24
21 25
21 9
21 1
6 46
6 9
6 5
6 1
6 10
6 2
34 46
34 49
34 4
34 30
17 15
17 25
17 9
17 47
17 19
17 2
0 45
0 4
42 46
42 40
42 34
42 47
42 2
42 44
36 46
36 40
36 24
36 1
36 35
36 39
4 49
4 20
4 0
30 45
30 34
30 0
30 14
9 49
9 25
9 4
9 5
13 48
13 3
13 25
13 9
13 14
13 10
22 20
22 24
22 30
22 47
22 14
22 2
5 45
5 0
5 9
5 1
28 48
28 40
28 29
28 3
28 24
28 25
1 46
1 0
1 4
1 5
43 48
43 40
43 3
43 47
43 39
43 44
35 45
35 0
35 39
35 19
47 49
47 45
47 39
47 2
27 29
27 25
27 35
27 47
27 19
27 2
31 46
31 34
31 30
31 1
31 35
31 19
16 46
16 15
16 20
16 4
16 1
16 19
14 49
14 4
14 30
14 10
39 49
39 4
39 35
39 47
10 45
10 0
10 14
10 2
23 48
23 3
23 20
23 24
23 35
23 19
19 15
19 49
19 4
19 35
2 0
2 4
2 47
2 10
44 48
44 40
44 49
44 4